0 1173
1 1174
2 1079
3 1080
4 1081
5 1082
6 1125
7 1126
8 1127
9 1128
10 987
11 988
12 989
13 990
14 1033
15 1034
16 1035
17 1036
18 943
19 944
20 1175
21 1176
22 1083
23 1084
24 1129
25 1130
26 991
27 992
28 1037
29 1038
30 945
31 946
32 1177
33 1178
34 1179
35 1180
36 1085
37 1086
38 1087
39 1088
40 1131
41 1132
42 1133
43 1134
44 993
45 994
46 995
47 996
48 1039
49 1040
50 1041
51 1042
52 947
53 948
54 949
55 950
56 1181
57 1182
58 1089
59 1090
60 1091
61 1092
62 1135
63 1136
64 1137
65 1138
66 997
67 998
68 999
69 1000
70 1043
71 1044
72 1045
73 1046
74 951
75 952
76 1073
77 1074
78 1119
79 1120
80 1165
81 1166
82 981
83 982
84 1027
85 1028
86 935
87 936
88 1311
89 1312
90 63
91 64
92 65
93 66
94 1167
95 1168
96 1169
97 1170
98 1309
99 1310
100 1075
101 1076
102 1077
103 1078
104 1121
105 1122
106 1123
107 1124
108 983
109 984
110 985
111 986
112 1029
113 1030
114 1031
115 1032
116 845
117 846
118 891
119 892
120 893
121 894
122 937
123 938
124 939
125 940
126 847
127 848
128 1313
129 1314
130 1315
131 1316
132 1359
133 1360
134 1361
135 1362
136 67
137 68
138 69
139 70
140 1171
141 1172
142 895
143 896
144 897
145 898
146 941
147 942
148 803
149 804
150 805
151 806
152 849
153 850
154 851
155 852
156 1317
157 1318
158 1363
159 1364
160 71
161 72
162 899
163 900
164 807
165 808
166 853
167 854
168 1411
169 1412
170 1319
171 1320
172 1321
173 1322
174 1365
175 1366
176 1367
177 1368
178 73
179 74
180 75
181 76
182 901
183 902
184 903
185 904
186 809
187 810
188 811
189 812
190 855
191 856
192 857
193 858
194 1323
195 1324
196 1325
197 1326
198 1369
199 1370
200 1371
201 1372
202 77
203 78
204 79
205 80
206 1183
207 1184
208 905
209 906
210 907
211 908
212 953
213 954
214 813
215 814
216 815
217 816
218 859
219 860
220 861
221 862
222 1327
223 1328
224 81
225 82
226 83
227 84
228 1185
229 1186
230 1187
231 1188
232 1329
233 1330
234 1093
235 1094
236 1095
237 1096
238 1139
239 1140
240 1141
241 1142
242 1001
243 1002
244 1003
245 1004
246 1047
247 1048
248 1049
249 1050
250 865
251 866
252 909
253 910
254 911
255 912
256 955
257 956
258 957
259 958
260 863
261 864
262 1097
263 1098
264 1143
265 1144
266 1189
267 1190
268 1005
269 1006
270 1051
271 1052
272 959
273 960
274 1353
275 1354
276 1399
277 1400
278 57
279 58
280 59
281 60
282 61
283 62
284 1303
285 1304
286 1305
287 1306
288 1307
289 1308
290 1351
291 1352
292 1069
293 1070
294 1071
295 1072
296 1115
297 1116
298 1117
299 1118
300 1161
301 1162
302 1163
303 1164
304 931
305 932
306 933
307 934
308 977
309 978
310 979
311 980
312 1023
313 1024
314 1025
315 1026
316 795
317 796
318 839
319 840
320 841
321 842
322 843
323 844
324 885
325 886
326 887
327 888
328 889
329 890
330 751
331 752
332 797
333 798
334 1449
335 1450
336 1355
337 1356
338 1357
339 1358
340 1401
341 1402
342 1403
343 1404
344 1447
345 1448
346 707
347 708
348 753
349 754
350 755
351 756
352 799
353 800
354 801
355 802
356 709
357 710
358 1407
359 1408
360 1451
361 1452
362 1453
363 1454
364 1499
365 1500
366 1405
367 1406
368 757
369 758
370 667
371 668
372 711
373 712
374 713
375 714
376 759
377 760
378 1409
379 1410
380 1455
381 1456
382 1501
383 1502
384 669
385 670
386 715
387 716
388 761
389 762
390 1413
391 1414
392 1457
393 1458
394 1459
395 1460
396 1503
397 1504
398 1505
399 1506
400 671
401 672
402 673
403 674
404 717
405 718
406 719
407 720
408 763
409 764
410 765
411 766
412 1415
413 1416
414 1461
415 1462
416 1463
417 1464
418 1507
419 1508
420 1417
421 1418
422 769
423 770
424 675
425 676
426 721
427 722
428 723
429 724
430 767
431 768
432 1465
433 1466
434 1373
435 1374
436 1375
437 1376
438 1419
439 1420
440 1421
441 1422
442 1467
443 1468
444 727
445 728
446 771
447 772
448 773
449 774
450 817
451 818
452 819
453 820
454 725
455 726
456 1377
457 1378
458 1423
459 1424
460 85
461 86
462 87
463 88
464 89
465 90
466 1331
467 1332
468 1333
469 1334
470 1335
471 1336
472 1379
473 1380
474 1099
475 1100
476 1101
477 1102
478 1145
479 1146
480 1147
481 1148
482 1191
483 1192
484 1193
485 1194
486 961
487 962
488 963
489 964
490 1007
491 1008
492 1009
493 1010
494 1053
495 1054
496 1055
497 1056
498 823
499 824
500 867
501 868
502 869
503 870
504 871
505 872
506 913
507 914
508 915
509 916
510 917
511 918
512 775
513 776
514 821
515 822
516 1301
517 1302
518 1347
519 1348
520 1393
521 1394
522 1439
523 1440
524 53
525 54
526 55
527 56
528 1065
529 1066
530 1067
531 1068
532 1111
533 1112
534 1113
535 1114
536 1157
537 1158
538 1159
539 1160
540 1299
541 1300
542 1345
543 1346
544 789
545 790
546 835
547 836
548 881
549 882
550 883
551 884
552 927
553 928
554 929
555 930
556 973
557 974
558 975
559 976
560 1019
561 1020
562 1021
563 1022
564 699
565 700
566 745
567 746
568 791
569 792
570 837
571 838
572 1537
573 1538
574 1397
575 1398
576 1443
577 1444
578 1445
579 1446
580 1487
581 1488
582 1489
583 1490
584 1491
585 1492
586 1535
587 1536
588 1349
589 1350
590 1395
591 1396
592 1441
593 1442
594 701
595 702
596 747
597 748
598 793
599 794
600 611
601 612
602 655
603 656
604 657
605 658
606 659
607 660
608 703
609 704
610 705
611 706
612 749
613 750
614 613
615 614
616 1493
617 1494
618 1495
619 1496
620 1539
621 1540
622 1541
623 1542
624 615
625 616
626 617
627 618
628 661
629 662
630 663
631 664
632 1591
633 1592
634 1497
635 1498
636 1543
637 1544
638 1545
639 1546
640 1589
641 1590
642 573
643 574
644 619
645 620
646 621
647 622
648 665
649 666
650 575
651 576
652 1547
653 1548
654 1593
655 1594
656 577
657 578
658 623
659 624
660 1549
661 1550
662 1551
663 1552
664 1595
665 1596
666 1597
667 1598
668 579
669 580
670 581
671 582
672 625
673 626
674 627
675 628
676 1599
677 1600
678 1509
679 1510
680 1553
681 1554
682 1555
683 1556
684 1601
685 1602
686 585
687 586
688 629
689 630
690 631
691 632
692 677
693 678
694 583
695 584
696 1511
697 1512
698 1513
699 1514
700 1557
701 1558
702 1559
703 1560
704 633
705 634
706 635
707 636
708 679
709 680
710 681
711 682
712 1561
713 1562
714 1425
715 1426
716 1469
717 1470
718 1471
719 1472
720 1515
721 1516
722 1517
723 1518
724 1519
725 1520
726 1563
727 1564
728 1381
729 1382
730 1427
731 1428
732 1473
733 1474
734 733
735 734
736 779
737 780
738 825
739 826
740 639
741 640
742 683
743 684
744 685
745 686
746 687
747 688
748 729
749 730
750 731
751 732
752 777
753 778
754 637
755 638
756 1337
757 1338
758 1383
759 1384
760 1429
761 1430
762 1475
763 1476
764 91
765 92
766 93
767 94
768 1103
769 1104
770 1105
771 1106
772 1149
773 1150
774 1151
775 1152
776 1195
777 1196
778 1197
779 1198
780 1339
781 1340
782 1385
783 1386
784 829
785 830
786 875
787 876
788 919
789 920
790 921
791 922
792 965
793 966
794 967
795 968
796 1011
797 1012
798 1013
799 1014
800 1057
801 1058
802 1059
803 1060
804 735
805 736
806 781
807 782
808 827
809 828
810 873
811 874
812 45
813 1391
814 1392
815 1437
816 1438
817 1483
818 1484
819 1485
820 1486
821 1529
822 1530
823 1531
824 1532
825 1575
826 1576
827 1577
828 1578
829 1621
830 1622
831 1623
832 1624
833 1667
834 1668
835 1669
836 1670
837 47
838 48
839 49
840 50
841 51
842 52
843 1063
844 1064
845 1109
846 1110
847 1155
848 1156
849 1226
850 1227
851 1228
852 1229
853 1230
854 1231
855 1232
856 1233
857 1234
858 1297
859 1298
860 1343
861 1344
862 1389
863 1390
864 1435
865 1436
866 1481
867 1482
868 1527
869 1528
870 1573
871 1574
872 1619
873 1620
874 1665
875 1666
876 35
877 36
878 37
879 38
880 39
881 40
882 41
883 42
884 43
885 44
886 46
887 511
888 512
889 557
890 558
891 603
892 604
893 649
894 650
895 695
896 696
897 741
898 742
899 787
900 788
901 833
902 834
903 879
904 880
905 925
906 926
907 971
908 972
909 1017
910 1018
911 513
912 514
913 515
914 516
915 559
916 560
917 561
918 562
919 605
920 606
921 607
922 608
923 651
924 652
925 653
926 654
927 697
928 698
929 743
930 744
931 1583
932 1584
933 1629
934 1630
935 1675
936 1676
937 1533
938 1534
939 1579
940 1580
941 1581
942 1582
943 1625
944 1626
945 1627
946 1628
947 1671
948 1672
949 1673
950 1674
951 517
952 518
953 519
954 520
955 563
956 564
957 565
958 566
959 609
960 610
961 521
962 522
963 567
964 568
965 1585
966 1586
967 1587
968 1588
969 1631
970 1632
971 1633
972 1634
973 1677
974 1678
975 1679
976 1680
977 523
978 524
979 525
980 526
981 569
982 570
983 571
984 572
985 1635
986 1636
987 1637
988 1638
989 1681
990 1682
991 1683
992 1684
993 527
994 528
995 529
996 530
997 1639
998 1640
999 1685
1000 1686
1001 531
1002 532
1003 1641
1004 1642
1005 1643
1006 1644
1007 1687
1008 1688
1009 1689
1010 1690
1011 533
1012 534
1013 535
1014 536
1015 1645
1016 1646
1017 1647
1018 1648
1019 1691
1020 1692
1021 1693
1022 1694
1023 537
1024 538
1025 539
1026 540
1027 1603
1028 1604
1029 1605
1030 1606
1031 1649
1032 1650
1033 1651
1034 1652
1035 1695
1036 1696
1037 1697
1038 1698
1039 541
1040 542
1041 543
1042 544
1043 587
1044 588
1045 589
1046 590
1047 1607
1048 1608
1049 1653
1050 1654
1051 1699
1052 1700
1053 1565
1054 1566
1055 1609
1056 1610
1057 1611
1058 1612
1059 1655
1060 1656
1061 1657
1062 1658
1063 1701
1064 1702
1065 1703
1066 1704
1067 547
1068 548
1069 549
1070 550
1071 593
1072 594
1073 595
1074 596
1075 641
1076 642
1077 545
1078 546
1079 591
1080 592
1081 1431
1082 1432
1083 1477
1084 1478
1085 1521
1086 1522
1087 1523
1088 1524
1089 1567
1090 1568
1091 1569
1092 1570
1093 1613
1094 1614
1095 1615
1096 1616
1097 1659
1098 1660
1099 1661
1100 1662
1101 1705
1102 1706
1103 1707
1104 1708
1105 2
1106 3
1107 4
1108 95
1109 96
1110 1107
1111 1108
1112 1153
1113 1154
1114 1199
1115 1200
1116 1217
1117 1218
1118 1219
1119 1220
1120 1221
1121 1222
1122 1223
1123 1224
1124 1225
1125 1341
1126 1342
1127 1387
1128 1388
1129 1433
1130 1434
1131 1479
1132 1480
1133 1525
1134 1526
1135 1571
1136 1572
1137 1617
1138 1618
1139 1663
1140 1664
1141 1709
1142 1710
1143 5
1144 6
1145 7
1146 8
1147 9
1148 10
1149 11
1150 12
1151 13
1152 14
1153 15
1154 16
1155 555
1156 556
1157 601
1158 602
1159 647
1160 648
1161 693
1162 694
1163 739
1164 740
1165 785
1166 786
1167 831
1168 832
1169 877
1170 878
1171 923
1172 924
1173 969
1174 970
1175 1015
1176 1016
1177 1061
1178 1062
1179 551
1180 552
1181 553
1182 554
1183 597
1184 598
1185 599
1186 600
1187 643
1188 644
1189 645
1190 646
1191 689
1192 690
1193 691
1194 692
1195 737
1196 738
1197 783
1198 784
1199 1713
1200 1714
1201 1715
1202 1716
1203 1759
1204 1760
1205 1761
1206 1762
1207 1805
1208 1806
1209 1807
1210 1808
1211 1851
1212 1852
1213 1853
1214 1854
1215 1897
1216 1898
1217 1943
1218 1944
1219 1235
1220 1236
1221 1237
1222 1238
1223 1239
1224 1240
1225 1241
1226 1242
1227 1243
1228 1244
1229 1245
1230 1246
1231 1711
1232 1712
1233 1757
1234 1758
1235 1803
1236 1804
1237 1849
1238 1850
1239 1895
1240 1896
1241 1941
1242 1942
1243 1987
1244 1988
1245 2033
1246 2034
1247 2079
1248 2080
1249 2125
1250 2126
1251 2171
1252 2172
1253 2217
1254 2218
1255 1
1256 26
1257 27
1258 28
1259 29
1260 30
1261 31
1262 32
1263 34
1264 97
1265 98
1266 143
1267 144
1268 189
1269 190
1270 235
1271 236
1272 281
1273 282
1274 327
1275 328
1276 373
1277 374
1278 419
1279 420
1280 465
1281 466
1282 1247
1283 1248
1284 1249
1285 1250
1286 1251
1287 1252
1288 2263
1289 2264
1290 2309
1291 2310
1292 2355
1293 2356
1294 191
1295 192
1296 237
1297 238
1298 283
1299 284
1300 285
1301 286
1302 329
1303 330
1304 331
1305 332
1306 375
1307 376
1308 377
1309 378
1310 421
1311 422
1312 423
1313 424
1314 467
1315 468
1316 469
1317 470
1318 1721
1319 1722
1320 1767
1321 1768
1322 1717
1323 1718
1324 1719
1325 1720
1326 1763
1327 1764
1328 1765
1329 1766
1330 1809
1331 1810
1332 333
1333 334
1334 379
1335 380
1336 381
1337 382
1338 425
1339 426
1340 427
1341 428
1342 471
1343 472
1344 473
1345 474
1346 383
1347 384
1348 429
1349 430
1350 475
1351 476
1352 33
1353 1723
1354 1724
1355 1725
1356 1726
1357 1769
1358 1770
1359 1771
1360 1772
1361 385
1362 386
1363 387
1364 388
1365 431
1366 432
1367 433
1368 434
1369 477
1370 478
1371 479
1372 480
1373 1727
1374 1728
1375 1729
1376 1730
1377 435
1378 436
1379 437
1380 438
1381 481
1382 482
1383 483
1384 484
1385 1731
1386 1732
1387 439
1388 440
1389 485
1390 486
1391 1733
1392 1734
1393 1735
1394 1736
1395 441
1396 442
1397 443
1398 444
1399 487
1400 488
1401 489
1402 490
1403 1737
1404 1738
1405 1739
1406 1740
1407 445
1408 446
1409 447
1410 448
1411 491
1412 492
1413 493
1414 494
1415 1741
1416 1742
1417 1743
1418 1744
1419 1787
1420 1788
1421 1789
1422 1790
1423 403
1424 404
1425 405
1426 406
1427 449
1428 450
1429 451
1430 452
1431 495
1432 496
1433 497
1434 498
1435 1745
1436 1746
1437 1791
1438 1792
1439 1747
1440 1748
1441 1749
1442 1750
1443 1793
1444 1794
1445 1795
1446 1796
1447 1841
1448 1842
1449 365
1450 366
1451 409
1452 410
1453 411
1454 412
1455 455
1456 456
1457 457
1458 458
1459 501
1460 502
1461 503
1462 504
1463 407
1464 408
1465 453
1466 454
1467 499
1468 500
1469 1751
1470 1752
1471 1753
1472 1754
1473 1797
1474 1798
1475 1799
1476 1800
1477 1843
1478 1844
1479 1845
1480 1846
1481 1889
1482 1890
1483 1891
1484 1892
1485 1937
1486 1938
1487 1983
1488 1984
1489 1205
1490 1206
1491 1207
1492 1208
1493 1209
1494 1210
1495 1211
1496 1212
1497 1213
1498 1214
1499 1215
1500 1216
1501 1755
1502 1756
1503 1801
1504 1802
1505 1847
1506 1848
1507 1893
1508 1894
1509 1939
1510 1940
1511 1985
1512 1986
1513 2031
1514 2032
1515 2077
1516 2078
1517 2123
1518 2124
1519 2169
1520 2170
1521 2215
1522 2216
1523 2261
1524 2262
1525 17
1526 18
1527 19
1528 20
1529 21
1530 22
1531 23
1532 24
1533 25
1534 141
1535 142
1536 187
1537 188
1538 233
1539 234
1540 279
1541 280
1542 325
1543 326
1544 371
1545 372
1546 417
1547 418
1548 463
1549 464
1550 509
1551 510
1552 1201
1553 1202
1554 1203
1555 1204
1556 1295
1557 1296
1558 2307
1559 2308
1560 2353
1561 2354
1562 2399
1563 2400
1564 231
1565 232
1566 277
1567 278
1568 321
1569 322
1570 323
1571 324
1572 367
1573 368
1574 369
1575 370
1576 413
1577 414
1578 415
1579 416
1580 459
1581 460
1582 461
1583 462
1584 505
1585 506
1586 507
1587 508
1588 1899
1589 1900
1590 1945
1591 1946
1592 1991
1593 1992
1594 2037
1595 2038
1596 1989
1597 1990
1598 2035
1599 2036
1600 2081
1601 2082
1602 2083
1603 2084
1604 2127
1605 2128
1606 2129
1607 2130
1608 2173
1609 2174
1610 2175
1611 2176
1612 2219
1613 2220
1614 2221
1615 2222
1616 99
1617 100
1618 145
1619 146
1620 1253
1621 1254
1622 1255
1623 1256
1624 2265
1625 2266
1626 2267
1627 2268
1628 2311
1629 2312
1630 2313
1631 2314
1632 2357
1633 2358
1634 2359
1635 2360
1636 101
1637 102
1638 147
1639 148
1640 193
1641 194
1642 239
1643 240
1644 1813
1645 1814
1646 1811
1647 1812
1648 1855
1649 1856
1650 1857
1651 1858
1652 1859
1653 1860
1654 1903
1655 1904
1656 1905
1657 1906
1658 1949
1659 1950
1660 1901
1661 1902
1662 1947
1663 1948
1664 1993
1665 1994
1666 149
1667 150
1668 195
1669 196
1670 241
1671 242
1672 197
1673 198
1674 243
1675 244
1676 245
1677 246
1678 287
1679 288
1680 289
1681 290
1682 291
1683 292
1684 335
1685 336
1686 337
1687 338
1688 1815
1689 1816
1690 1817
1691 1818
1692 1861
1693 1862
1694 1863
1695 1864
1696 293
1697 294
1698 295
1699 296
1700 339
1701 340
1702 341
1703 342
1704 1775
1705 1776
1706 1773
1707 1774
1708 1819
1709 1820
1710 1821
1711 1822
1712 1865
1713 1866
1714 297
1715 298
1716 343
1717 344
1718 345
1719 346
1720 389
1721 390
1722 391
1723 392
1724 1777
1725 1778
1726 1823
1727 1824
1728 347
1729 348
1730 393
1731 394
1732 1779
1733 1780
1734 1781
1735 1782
1736 1825
1737 1826
1738 1827
1739 1828
1740 349
1741 350
1742 351
1743 352
1744 395
1745 396
1746 397
1747 398
1748 1783
1749 1784
1750 1785
1751 1786
1752 1829
1753 1830
1754 1831
1755 1832
1756 1877
1757 1878
1758 309
1759 310
1760 353
1761 354
1762 355
1763 356
1764 401
1765 402
1766 399
1767 400
1768 1833
1769 1834
1770 1835
1771 1836
1772 1879
1773 1880
1774 1881
1775 1882
1776 311
1777 312
1778 313
1779 314
1780 357
1781 358
1782 359
1783 360
1784 1837
1785 1838
1786 1839
1787 1840
1788 1883
1789 1884
1790 1885
1791 1886
1792 1887
1793 1888
1794 1929
1795 1930
1796 1931
1797 1932
1798 1977
1799 1978
1800 1933
1801 1934
1802 1979
1803 1980
1804 2025
1805 2026
1806 181
1807 182
1808 227
1809 228
1810 273
1811 274
1812 225
1813 226
1814 269
1815 270
1816 271
1817 272
1818 315
1819 316
1820 317
1821 318
1822 319
1823 320
1824 363
1825 364
1826 361
1827 362
1828 1935
1829 1936
1830 1981
1831 1982
1832 2027
1833 2028
1834 2073
1835 2074
1836 2029
1837 2030
1838 2075
1839 2076
1840 2119
1841 2120
1842 2121
1843 2122
1844 2165
1845 2166
1846 2167
1847 2168
1848 2211
1849 2212
1850 2213
1851 2214
1852 2257
1853 2258
1854 2259
1855 2260
1856 139
1857 140
1858 185
1859 186
1860 1291
1861 1292
1862 1293
1863 1294
1864 2303
1865 2304
1866 2305
1867 2306
1868 2349
1869 2350
1870 2351
1871 2352
1872 2395
1873 2396
1874 2397
1875 2398
1876 137
1877 138
1878 183
1879 184
1880 229
1881 230
1882 275
1883 276
1884 0
1885 1951
1886 1952
1887 1997
1888 1998
1889 1995
1890 1996
1891 2039
1892 2040
1893 2041
1894 2042
1895 2043
1896 2044
1897 2085
1898 2086
1899 2087
1900 2088
1901 2089
1902 2090
1903 2131
1904 2132
1905 2133
1906 2134
1907 2177
1908 2178
1909 2179
1910 2180
1911 2223
1912 2224
1913 2225
1914 2226
1915 2269
1916 2270
1917 2271
1918 2272
1919 2315
1920 2316
1921 2317
1922 2318
1923 2361
1924 2362
1925 2363
1926 2364
1927 103
1928 104
1929 105
1930 106
1931 107
1932 108
1933 151
1934 152
1935 1257
1936 1258
1937 1259
1938 1260
1939 1261
1940 1262
1941 153
1942 154
1943 199
1944 200
1945 1909
1946 1910
1947 1907
1948 1908
1949 1953
1950 1954
1951 1955
1952 1956
1953 1999
1954 2000
1955 2001
1956 2002
1957 155
1958 156
1959 157
1960 158
1961 201
1962 202
1963 203
1964 204
1965 247
1966 248
1967 249
1968 250
1969 1867
1970 1868
1971 1911
1972 1912
1973 1913
1974 1914
1975 1959
1976 1960
1977 1957
1978 1958
1979 205
1980 206
1981 207
1982 208
1983 251
1984 252
1985 253
1986 254
1987 299
1988 300
1989 1869
1990 1870
1991 1915
1992 1916
1993 1961
1994 1962
1995 209
1996 210
1997 255
1998 256
1999 301
2000 302
2001 1871
2002 1872
2003 1873
2004 1874
2005 1917
2006 1918
2007 1919
2008 1920
2009 1963
2010 1964
2011 1965
2012 1966
2013 213
2014 214
2015 257
2016 258
2017 259
2018 260
2019 303
2020 304
2021 305
2022 306
2023 1875
2024 1876
2025 1921
2026 1922
2027 1923
2028 1924
2029 1967
2030 1968
2031 1969
2032 1970
2033 217
2034 218
2035 215
2036 216
2037 261
2038 262
2039 263
2040 264
2041 307
2042 308
2043 1925
2044 1926
2045 1927
2046 1928
2047 1971
2048 1972
2049 1973
2050 1974
2051 2017
2052 2018
2053 2019
2054 2020
2055 173
2056 174
2057 175
2058 176
2059 219
2060 220
2061 221
2062 222
2063 267
2064 268
2065 265
2066 266
2067 1975
2068 1976
2069 2021
2070 2022
2071 2023
2072 2024
2073 2067
2074 2068
2075 2069
2076 2070
2077 2071
2078 2072
2079 2113
2080 2114
2081 2115
2082 2116
2083 2117
2084 2118
2085 2161
2086 2162
2087 2163
2088 2164
2089 2207
2090 2208
2091 2209
2092 2210
2093 2253
2094 2254
2095 2255
2096 2256
2097 2299
2098 2300
2099 2301
2100 2302
2101 2345
2102 2346
2103 2347
2104 2348
2105 2391
2106 2392
2107 2393
2108 2394
2109 131
2110 132
2111 133
2112 134
2113 135
2114 136
2115 179
2116 180
2117 1285
2118 1286
2119 1287
2120 1288
2121 1289
2122 1290
2123 177
2124 178
2125 223
2126 224
2127 2135
2128 2136
2129 2181
2130 2182
2131 2227
2132 2228
2133 2273
2134 2274
2135 2319
2136 2320
2137 2365
2138 2366
2139 2047
2140 2048
2141 2045
2142 2046
2143 2091
2144 2092
2145 2093
2146 2094
2147 2137
2148 2138
2149 2139
2150 2140
2151 2183
2152 2184
2153 2185
2154 2186
2155 2229
2156 2230
2157 2231
2158 2232
2159 2275
2160 2276
2161 2277
2162 2278
2163 2321
2164 2322
2165 2323
2166 2324
2167 109
2168 110
2169 1263
2170 1264
2171 1265
2172 1266
2173 2367
2174 2368
2175 2369
2176 2370
2177 111
2178 112
2179 2003
2180 2004
2181 2005
2182 2006
2183 2049
2184 2050
2185 2051
2186 2052
2187 2095
2188 2096
2189 2097
2190 2098
2191 2141
2192 2142
2193 1267
2194 1268
2195 1269
2196 1270
2197 2371
2198 2372
2199 113
2200 114
2201 115
2202 116
2203 159
2204 160
2205 161
2206 162
2207 2007
2208 2008
2209 2053
2210 2054
2211 2099
2212 2100
2213 1271
2214 1272
2215 117
2216 118
2217 163
2218 164
2219 2009
2220 2010
2221 2011
2222 2012
2223 2055
2224 2056
2225 2057
2226 2058
2227 2101
2228 2102
2229 2103
2230 2104
2231 1273
2232 1274
2233 1275
2234 1276
2235 119
2236 120
2237 121
2238 122
2239 165
2240 166
2241 167
2242 168
2243 211
2244 212
2245 2013
2246 2014
2247 2015
2248 2016
2249 2059
2250 2060
2251 2061
2252 2062
2253 2105
2254 2106
2255 2107
2256 2108
2257 2153
2258 2154
2259 1277
2260 1278
2261 1279
2262 1280
2263 2383
2264 2384
2265 123
2266 124
2267 125
2268 126
2269 169
2270 170
2271 171
2272 172
2273 2063
2274 2064
2275 2065
2276 2066
2277 2109
2278 2110
2279 2111
2280 2112
2281 2155
2282 2156
2283 2157
2284 2158
2285 2201
2286 2202
2287 2203
2288 2204
2289 2247
2290 2248
2291 2249
2292 2250
2293 2293
2294 2294
2295 2295
2296 2296
2297 2339
2298 2340
2299 2341
2300 2342
2301 129
2302 130
2303 1281
2304 1282
2305 1283
2306 1284
2307 2385
2308 2386
2309 2387
2310 2388
2311 127
2312 128
2313 2159
2314 2160
2315 2205
2316 2206
2317 2251
2318 2252
2319 2297
2320 2298
2321 2343
2322 2344
2323 2389
2324 2390
2325 2143
2326 2144
2327 2187
2328 2188
2329 2189
2330 2190
2331 2233
2332 2234
2333 2235
2334 2236
2335 2279
2336 2280
2337 2281
2338 2282
2339 2325
2340 2326
2341 2327
2342 2328
2343 2373
2344 2374
2345 2145
2346 2146
2347 2191
2348 2192
2349 2237
2350 2238
2351 2283
2352 2284
2353 2329
2354 2330
2355 2375
2356 2376
2357 2147
2358 2148
2359 2149
2360 2150
2361 2193
2362 2194
2363 2195
2364 2196
2365 2239
2366 2240
2367 2241
2368 2242
2369 2285
2370 2286
2371 2287
2372 2288
2373 2331
2374 2332
2375 2333
2376 2334
2377 2377
2378 2378
2379 2379
2380 2380
2381 2151
2382 2152
2383 2197
2384 2198
2385 2199
2386 2200
2387 2243
2388 2244
2389 2245
2390 2246
2391 2289
2392 2290
2393 2291
2394 2292
2395 2335
2396 2336
2397 2337
2398 2338
2399 2381
2400 2382
