0 2381
1 2382
2 2289
3 2290
4 2291
5 2292
6 2335
7 2336
8 2337
9 2338
10 2197
11 2198
12 2199
13 2200
14 2243
15 2244
16 2245
17 2246
18 2151
19 2152
20 2379
21 2380
22 2287
23 2288
24 2333
25 2334
26 2195
27 2196
28 2241
29 2242
30 2149
31 2150
32 2375
33 2376
34 2377
35 2378
36 2283
37 2284
38 2285
39 2286
40 2329
41 2330
42 2331
43 2332
44 2191
45 2192
46 2193
47 2194
48 2237
49 2238
50 2239
51 2240
52 2145
53 2146
54 2147
55 2148
56 2373
57 2374
58 2279
59 2280
60 2281
61 2282
62 2325
63 2326
64 2327
65 2328
66 2187
67 2188
68 2189
69 2190
70 2233
71 2234
72 2235
73 2236
74 2143
75 2144
76 2297
77 2298
78 2343
79 2344
80 2389
81 2390
82 2205
83 2206
84 2251
85 2252
86 2159
87 2160
88 127
89 128
90 129
91 130
92 1281
93 1282
94 1283
95 1284
96 2385
97 2386
98 2387
99 2388
100 2293
101 2294
102 2295
103 2296
104 2339
105 2340
106 2341
107 2342
108 2201
109 2202
110 2203
111 2204
112 2247
113 2248
114 2249
115 2250
116 2065
117 2066
118 2109
119 2110
120 2111
121 2112
122 2155
123 2156
124 2157
125 2158
126 2063
127 2064
128 123
129 124
130 125
131 126
132 169
133 170
134 171
135 172
136 1277
137 1278
138 1279
139 1280
140 2383
141 2384
142 2105
143 2106
144 2107
145 2108
146 2153
147 2154
148 2013
149 2014
150 2015
151 2016
152 2059
153 2060
154 2061
155 2062
156 121
157 122
158 167
159 168
160 1275
161 1276
162 2103
163 2104
164 2011
165 2012
166 2057
167 2058
168 211
169 212
170 117
171 118
172 119
173 120
174 163
175 164
176 165
177 166
178 1271
179 1272
180 1273
181 1274
182 2099
183 2100
184 2101
185 2102
186 2007
187 2008
188 2009
189 2010
190 2053
191 2054
192 2055
193 2056
194 113
195 114
196 115
197 116
198 159
199 160
200 161
201 162
202 1267
203 1268
204 1269
205 1270
206 2371
207 2372
208 2095
209 2096
210 2097
211 2098
212 2141
213 2142
214 2003
215 2004
216 2005
217 2006
218 2049
219 2050
220 2051
221 2052
222 111
223 112
224 109
225 110
226 1263
227 1264
228 1265
229 1266
230 2367
231 2368
232 2369
233 2370
234 2275
235 2276
236 2277
237 2278
238 2321
239 2322
240 2323
241 2324
242 2183
243 2184
244 2185
245 2186
246 2229
247 2230
248 2231
249 2232
250 2045
251 2046
252 2091
253 2092
254 2093
255 2094
256 2137
257 2138
258 2139
259 2140
260 2047
261 2048
262 2273
263 2274
264 2319
265 2320
266 2365
267 2366
268 2181
269 2182
270 2227
271 2228
272 2135
273 2136
274 177
275 178
276 223
277 224
278 131
279 132
280 133
281 134
282 135
283 136
284 179
285 180
286 1285
287 1286
288 1287
289 1288
290 1289
291 1290
292 2299
293 2300
294 2301
295 2302
296 2345
297 2346
298 2347
299 2348
300 2391
301 2392
302 2393
303 2394
304 2161
305 2162
306 2163
307 2164
308 2207
309 2208
310 2209
311 2210
312 2253
313 2254
314 2255
315 2256
316 2023
317 2024
318 2067
319 2068
320 2069
321 2070
322 2071
323 2072
324 2113
325 2114
326 2115
327 2116
328 2117
329 2118
330 1975
331 1976
332 2021
333 2022
334 265
335 266
336 173
337 174
338 175
339 176
340 219
341 220
342 221
343 222
344 267
345 268
346 1927
347 1928
348 1971
349 1972
350 1973
351 1974
352 2017
353 2018
354 2019
355 2020
356 1925
357 1926
358 215
359 216
360 261
361 262
362 263
363 264
364 307
365 308
366 217
367 218
368 1969
369 1970
370 1875
371 1876
372 1921
373 1922
374 1923
375 1924
376 1967
377 1968
378 213
379 214
380 259
381 260
382 305
383 306
384 1873
385 1874
386 1919
387 1920
388 1965
389 1966
390 209
391 210
392 255
393 256
394 257
395 258
396 301
397 302
398 303
399 304
400 1869
401 1870
402 1871
403 1872
404 1915
405 1916
406 1917
407 1918
408 1961
409 1962
410 1963
411 1964
412 207
413 208
414 251
415 252
416 253
417 254
418 299
419 300
420 205
421 206
422 1957
423 1958
424 1867
425 1868
426 1911
427 1912
428 1913
429 1914
430 1959
431 1960
432 249
433 250
434 155
435 156
436 157
437 158
438 201
439 202
440 203
441 204
442 247
443 248
444 1907
445 1908
446 1953
447 1954
448 1955
449 1956
450 1999
451 2000
452 2001
453 2002
454 1909
455 1910
456 153
457 154
458 199
459 200
460 103
461 104
462 105
463 106
464 107
465 108
466 151
467 152
468 1257
469 1258
470 1259
471 1260
472 1261
473 1262
474 2269
475 2270
476 2271
477 2272
478 2315
479 2316
480 2317
481 2318
482 2361
483 2362
484 2363
485 2364
486 2131
487 2132
488 2133
489 2134
490 2177
491 2178
492 2179
493 2180
494 2223
495 2224
496 2225
497 2226
498 1995
499 1996
500 2039
501 2040
502 2041
503 2042
504 2043
505 2044
506 2085
507 2086
508 2087
509 2088
510 2089
511 2090
512 1951
513 1952
514 1997
515 1998
516 137
517 138
518 183
519 184
520 229
521 230
522 275
523 276
524 139
525 140
526 185
527 186
528 1291
529 1292
530 1293
531 1294
532 2303
533 2304
534 2305
535 2306
536 2349
537 2350
538 2351
539 2352
540 2395
541 2396
542 2397
543 2398
544 2029
545 2030
546 2075
547 2076
548 2119
549 2120
550 2121
551 2122
552 2165
553 2166
554 2167
555 2168
556 2211
557 2212
558 2213
559 2214
560 2257
561 2258
562 2259
563 2260
564 1935
565 1936
566 1981
567 1982
568 2027
569 2028
570 2073
571 2074
572 361
573 362
574 225
575 226
576 269
577 270
578 271
579 272
580 315
581 316
582 317
583 318
584 319
585 320
586 363
587 364
588 181
589 182
590 227
591 228
592 273
593 274
594 1933
595 1934
596 1979
597 1980
598 2025
599 2026
600 1839
601 1840
602 1883
603 1884
604 1885
605 1886
606 1887
607 1888
608 1929
609 1930
610 1931
611 1932
612 1977
613 1978
614 1837
615 1838
616 311
617 312
618 313
619 314
620 357
621 358
622 359
623 360
624 1833
625 1834
626 1835
627 1836
628 1879
629 1880
630 1881
631 1882
632 399
633 400
634 309
635 310
636 353
637 354
638 355
639 356
640 401
641 402
642 1785
643 1786
644 1829
645 1830
646 1831
647 1832
648 1877
649 1878
650 1783
651 1784
652 351
653 352
654 397
655 398
656 1781
657 1782
658 1827
659 1828
660 347
661 348
662 349
663 350
664 393
665 394
666 395
667 396
668 1777
669 1778
670 1779
671 1780
672 1823
673 1824
674 1825
675 1826
676 391
677 392
678 297
679 298
680 343
681 344
682 345
683 346
684 389
685 390
686 1773
687 1774
688 1819
689 1820
690 1821
691 1822
692 1865
693 1866
694 1775
695 1776
696 293
697 294
698 295
699 296
700 339
701 340
702 341
703 342
704 1815
705 1816
706 1817
707 1818
708 1861
709 1862
710 1863
711 1864
712 337
713 338
714 197
715 198
716 243
717 244
718 245
719 246
720 287
721 288
722 289
723 290
724 291
725 292
726 335
727 336
728 149
729 150
730 195
731 196
732 241
733 242
734 1901
735 1902
736 1947
737 1948
738 1993
739 1994
740 1811
741 1812
742 1855
743 1856
744 1857
745 1858
746 1859
747 1860
748 1903
749 1904
750 1905
751 1906
752 1949
753 1950
754 1813
755 1814
756 101
757 102
758 147
759 148
760 193
761 194
762 239
763 240
764 99
765 100
766 145
767 146
768 1253
769 1254
770 1255
771 1256
772 2265
773 2266
774 2267
775 2268
776 2311
777 2312
778 2313
779 2314
780 2357
781 2358
782 2359
783 2360
784 1989
785 1990
786 2035
787 2036
788 2081
789 2082
790 2083
791 2084
792 2127
793 2128
794 2129
795 2130
796 2173
797 2174
798 2175
799 2176
800 2219
801 2220
802 2221
803 2222
804 1899
805 1900
806 1945
807 1946
808 1991
809 1992
810 2037
811 2038
812 231
813 232
814 277
815 278
816 321
817 322
818 323
819 324
820 367
821 368
822 369
823 370
824 413
825 414
826 415
827 416
828 459
829 460
830 461
831 462
832 505
833 506
834 507
835 508
836 17
837 18
838 19
839 20
840 21
841 22
842 23
843 24
844 25
845 141
846 142
847 187
848 188
849 233
850 234
851 279
852 280
853 325
854 326
855 371
856 372
857 417
858 418
859 463
860 464
861 509
862 510
863 1201
864 1202
865 1203
866 1204
867 1295
868 1296
869 2307
870 2308
871 2353
872 2354
873 2399
874 2400
875 1205
876 1206
877 1207
878 1208
879 1209
880 1210
881 1211
882 1212
883 1213
884 1214
885 1215
886 1216
887 1755
888 1756
889 1801
890 1802
891 1847
892 1848
893 1893
894 1894
895 1939
896 1940
897 1985
898 1986
899 2031
900 2032
901 2077
902 2078
903 2123
904 2124
905 2169
906 2170
907 2215
908 2216
909 2261
910 2262
911 1751
912 1752
913 1753
914 1754
915 1797
916 1798
917 1799
918 1800
919 1843
920 1844
921 1845
922 1846
923 1889
924 1890
925 1891
926 1892
927 1937
928 1938
929 1983
930 1984
931 407
932 408
933 453
934 454
935 499
936 500
937 365
938 366
939 409
940 410
941 411
942 412
943 455
944 456
945 457
946 458
947 501
948 502
949 503
950 504
951 1747
952 1748
953 1749
954 1750
955 1793
956 1794
957 1795
958 1796
959 1841
960 1842
961 1745
962 1746
963 1791
964 1792
965 403
966 404
967 405
968 406
969 449
970 450
971 451
972 452
973 495
974 496
975 497
976 498
977 1741
978 1742
979 1743
980 1744
981 1787
982 1788
983 1789
984 1790
985 445
986 446
987 447
988 448
989 491
990 492
991 493
992 494
993 1737
994 1738
995 1739
996 1740
997 443
998 444
999 489
1000 490
1001 1735
1002 1736
1003 439
1004 440
1005 441
1006 442
1007 485
1008 486
1009 487
1010 488
1011 1731
1012 1732
1013 1733
1014 1734
1015 435
1016 436
1017 437
1018 438
1019 481
1020 482
1021 483
1022 484
1023 1727
1024 1728
1025 1729
1026 1730
1027 385
1028 386
1029 387
1030 388
1031 431
1032 432
1033 433
1034 434
1035 477
1036 478
1037 479
1038 480
1039 1723
1040 1724
1041 1725
1042 1726
1043 1769
1044 1770
1045 1771
1046 1772
1047 383
1048 384
1049 429
1050 430
1051 475
1052 476
1053 333
1054 334
1055 379
1056 380
1057 381
1058 382
1059 425
1060 426
1061 427
1062 428
1063 471
1064 472
1065 473
1066 474
1067 1717
1068 1718
1069 1719
1070 1720
1071 1763
1072 1764
1073 1765
1074 1766
1075 1809
1076 1810
1077 1721
1078 1722
1079 1767
1080 1768
1081 191
1082 192
1083 237
1084 238
1085 283
1086 284
1087 285
1088 286
1089 329
1090 330
1091 331
1092 332
1093 375
1094 376
1095 377
1096 378
1097 421
1098 422
1099 423
1100 424
1101 467
1102 468
1103 469
1104 470
1105 26
1106 27
1107 28
1108 29
1109 30
1110 31
1111 32
1112 33
1113 34
1114 97
1115 98
1116 143
1117 144
1118 189
1119 190
1120 235
1121 236
1122 281
1123 282
1124 327
1125 328
1126 373
1127 374
1128 419
1129 420
1130 465
1131 466
1132 1247
1133 1248
1134 1249
1135 1250
1136 1251
1137 1252
1138 2263
1139 2264
1140 2309
1141 2310
1142 2355
1143 2356
1144 1235
1145 1236
1146 1237
1147 1238
1148 1239
1149 1240
1150 1241
1151 1242
1152 1243
1153 1244
1154 1245
1155 1246
1156 1711
1157 1712
1158 1757
1159 1758
1160 1803
1161 1804
1162 1849
1163 1850
1164 1895
1165 1896
1166 1941
1167 1942
1168 1987
1169 1988
1170 2033
1171 2034
1172 2079
1173 2080
1174 2125
1175 2126
1176 2171
1177 2172
1178 2217
1179 2218
1180 1713
1181 1714
1182 1715
1183 1716
1184 1759
1185 1760
1186 1761
1187 1762
1188 1805
1189 1806
1190 1807
1191 1808
1192 1851
1193 1852
1194 1853
1195 1854
1196 1897
1197 1898
1198 1943
1199 1944
1200 551
1201 552
1202 553
1203 554
1204 597
1205 598
1206 599
1207 600
1208 643
1209 644
1210 645
1211 646
1212 689
1213 690
1214 691
1215 692
1216 737
1217 738
1218 783
1219 784
1220 5
1221 6
1222 7
1223 8
1224 9
1225 10
1226 11
1227 12
1228 13
1229 14
1230 15
1231 16
1232 555
1233 556
1234 601
1235 602
1236 647
1237 648
1238 693
1239 694
1240 739
1241 740
1242 785
1243 786
1244 831
1245 832
1246 877
1247 878
1248 923
1249 924
1250 969
1251 970
1252 1015
1253 1016
1254 1061
1255 1062
1256 1
1257 2
1258 3
1259 4
1260 95
1261 96
1262 1107
1263 1108
1264 1153
1265 1154
1266 1199
1267 1200
1268 1217
1269 1218
1270 1219
1271 1220
1272 1221
1273 1222
1274 1223
1275 1224
1276 1225
1277 1341
1278 1342
1279 1387
1280 1388
1281 1433
1282 1434
1283 1479
1284 1480
1285 1525
1286 1526
1287 1571
1288 1572
1289 1617
1290 1618
1291 1663
1292 1664
1293 1709
1294 1710
1295 1431
1296 1432
1297 1477
1298 1478
1299 1521
1300 1522
1301 1523
1302 1524
1303 1567
1304 1568
1305 1569
1306 1570
1307 1613
1308 1614
1309 1615
1310 1616
1311 1659
1312 1660
1313 1661
1314 1662
1315 1705
1316 1706
1317 1707
1318 1708
1319 545
1320 546
1321 591
1322 592
1323 547
1324 548
1325 549
1326 550
1327 593
1328 594
1329 595
1330 596
1331 641
1332 642
1333 1565
1334 1566
1335 1609
1336 1610
1337 1611
1338 1612
1339 1655
1340 1656
1341 1657
1342 1658
1343 1701
1344 1702
1345 1703
1346 1704
1347 1607
1348 1608
1349 1653
1350 1654
1351 1699
1352 1700
1353 541
1354 542
1355 543
1356 544
1357 587
1358 588
1359 589
1360 590
1361 1603
1362 1604
1363 1605
1364 1606
1365 1649
1366 1650
1367 1651
1368 1652
1369 1695
1370 1696
1371 1697
1372 1698
1373 537
1374 538
1375 539
1376 540
1377 1645
1378 1646
1379 1647
1380 1648
1381 1691
1382 1692
1383 1693
1384 1694
1385 535
1386 536
1387 1643
1388 1644
1389 1689
1390 1690
1391 531
1392 532
1393 533
1394 534
1395 1639
1396 1640
1397 1641
1398 1642
1399 1685
1400 1686
1401 1687
1402 1688
1403 527
1404 528
1405 529
1406 530
1407 1635
1408 1636
1409 1637
1410 1638
1411 1681
1412 1682
1413 1683
1414 1684
1415 523
1416 524
1417 525
1418 526
1419 569
1420 570
1421 571
1422 572
1423 1585
1424 1586
1425 1587
1426 1588
1427 1631
1428 1632
1429 1633
1430 1634
1431 1677
1432 1678
1433 1679
1434 1680
1435 521
1436 522
1437 567
1438 568
1439 517
1440 518
1441 519
1442 520
1443 563
1444 564
1445 565
1446 566
1447 609
1448 610
1449 1533
1450 1534
1451 1579
1452 1580
1453 1581
1454 1582
1455 1625
1456 1626
1457 1627
1458 1628
1459 1671
1460 1672
1461 1673
1462 1674
1463 1583
1464 1584
1465 1629
1466 1630
1467 1675
1468 1676
1469 513
1470 514
1471 515
1472 516
1473 559
1474 560
1475 561
1476 562
1477 605
1478 606
1479 607
1480 608
1481 651
1482 652
1483 653
1484 654
1485 697
1486 698
1487 743
1488 744
1489 35
1490 36
1491 37
1492 38
1493 39
1494 40
1495 41
1496 42
1497 43
1498 44
1499 45
1500 46
1501 511
1502 512
1503 557
1504 558
1505 603
1506 604
1507 649
1508 650
1509 695
1510 696
1511 741
1512 742
1513 787
1514 788
1515 833
1516 834
1517 879
1518 880
1519 925
1520 926
1521 971
1522 972
1523 1017
1524 1018
1525 47
1526 48
1527 49
1528 50
1529 51
1530 52
1531 1063
1532 1064
1533 1109
1534 1110
1535 1155
1536 1156
1537 1226
1538 1227
1539 1228
1540 1229
1541 1230
1542 1231
1543 1232
1544 1233
1545 1234
1546 1297
1547 1298
1548 1343
1549 1344
1550 1389
1551 1390
1552 1435
1553 1436
1554 1481
1555 1482
1556 1527
1557 1528
1558 1573
1559 1574
1560 1619
1561 1620
1562 1665
1563 1666
1564 1391
1565 1392
1566 1437
1567 1438
1568 1483
1569 1484
1570 1485
1571 1486
1572 1529
1573 1530
1574 1531
1575 1532
1576 1575
1577 1576
1578 1577
1579 1578
1580 1621
1581 1622
1582 1623
1583 1624
1584 1667
1585 1668
1586 1669
1587 1670
1588 735
1589 736
1590 781
1591 782
1592 827
1593 828
1594 873
1595 874
1596 829
1597 830
1598 875
1599 876
1600 919
1601 920
1602 921
1603 922
1604 965
1605 966
1606 967
1607 968
1608 1011
1609 1012
1610 1013
1611 1014
1612 1057
1613 1058
1614 1059
1615 1060
1616 91
1617 92
1618 93
1619 94
1620 1103
1621 1104
1622 1105
1623 1106
1624 1149
1625 1150
1626 1151
1627 1152
1628 1195
1629 1196
1630 1197
1631 1198
1632 1339
1633 1340
1634 1385
1635 1386
1636 1337
1637 1338
1638 1383
1639 1384
1640 1429
1641 1430
1642 1475
1643 1476
1644 637
1645 638
1646 639
1647 640
1648 683
1649 684
1650 685
1651 686
1652 687
1653 688
1654 729
1655 730
1656 731
1657 732
1658 777
1659 778
1660 733
1661 734
1662 779
1663 780
1664 825
1665 826
1666 1381
1667 1382
1668 1427
1669 1428
1670 1473
1671 1474
1672 1425
1673 1426
1674 1469
1675 1470
1676 1471
1677 1472
1678 1515
1679 1516
1680 1517
1681 1518
1682 1519
1683 1520
1684 1563
1685 1564
1686 1561
1687 1562
1688 633
1689 634
1690 635
1691 636
1692 679
1693 680
1694 681
1695 682
1696 1511
1697 1512
1698 1513
1699 1514
1700 1557
1701 1558
1702 1559
1703 1560
1704 583
1705 584
1706 585
1707 586
1708 629
1709 630
1710 631
1711 632
1712 677
1713 678
1714 1509
1715 1510
1716 1553
1717 1554
1718 1555
1719 1556
1720 1601
1721 1602
1722 1599
1723 1600
1724 581
1725 582
1726 627
1727 628
1728 1551
1729 1552
1730 1597
1731 1598
1732 577
1733 578
1734 579
1735 580
1736 623
1737 624
1738 625
1739 626
1740 1547
1741 1548
1742 1549
1743 1550
1744 1593
1745 1594
1746 1595
1747 1596
1748 575
1749 576
1750 573
1751 574
1752 619
1753 620
1754 621
1755 622
1756 665
1757 666
1758 1497
1759 1498
1760 1543
1761 1544
1762 1545
1763 1546
1764 1589
1765 1590
1766 1591
1767 1592
1768 615
1769 616
1770 617
1771 618
1772 661
1773 662
1774 663
1775 664
1776 1493
1777 1494
1778 1495
1779 1496
1780 1539
1781 1540
1782 1541
1783 1542
1784 613
1785 614
1786 611
1787 612
1788 655
1789 656
1790 657
1791 658
1792 659
1793 660
1794 703
1795 704
1796 705
1797 706
1798 749
1799 750
1800 701
1801 702
1802 747
1803 748
1804 793
1805 794
1806 1349
1807 1350
1808 1395
1809 1396
1810 1441
1811 1442
1812 1397
1813 1398
1814 1443
1815 1444
1816 1445
1817 1446
1818 1487
1819 1488
1820 1489
1821 1490
1822 1491
1823 1492
1824 1535
1825 1536
1826 1537
1827 1538
1828 699
1829 700
1830 745
1831 746
1832 791
1833 792
1834 837
1835 838
1836 789
1837 790
1838 835
1839 836
1840 881
1841 882
1842 883
1843 884
1844 927
1845 928
1846 929
1847 930
1848 973
1849 974
1850 975
1851 976
1852 1019
1853 1020
1854 1021
1855 1022
1856 53
1857 54
1858 55
1859 56
1860 1065
1861 1066
1862 1067
1863 1068
1864 1111
1865 1112
1866 1113
1867 1114
1868 1157
1869 1158
1870 1159
1871 1160
1872 1299
1873 1300
1874 1345
1875 1346
1876 1301
1877 1302
1878 1347
1879 1348
1880 1393
1881 1394
1882 1439
1883 1440
1884 0
1885 775
1886 776
1887 821
1888 822
1889 823
1890 824
1891 867
1892 868
1893 869
1894 870
1895 871
1896 872
1897 913
1898 914
1899 915
1900 916
1901 917
1902 918
1903 961
1904 962
1905 963
1906 964
1907 1007
1908 1008
1909 1009
1910 1010
1911 1053
1912 1054
1913 1055
1914 1056
1915 1099
1916 1100
1917 1101
1918 1102
1919 1145
1920 1146
1921 1147
1922 1148
1923 1191
1924 1192
1925 1193
1926 1194
1927 85
1928 86
1929 87
1930 88
1931 89
1932 90
1933 1331
1934 1332
1935 1333
1936 1334
1937 1335
1938 1336
1939 1379
1940 1380
1941 1377
1942 1378
1943 1423
1944 1424
1945 725
1946 726
1947 727
1948 728
1949 771
1950 772
1951 773
1952 774
1953 817
1954 818
1955 819
1956 820
1957 1373
1958 1374
1959 1375
1960 1376
1961 1419
1962 1420
1963 1421
1964 1422
1965 1467
1966 1468
1967 1465
1968 1466
1969 675
1970 676
1971 721
1972 722
1973 723
1974 724
1975 767
1976 768
1977 769
1978 770
1979 1417
1980 1418
1981 1415
1982 1416
1983 1461
1984 1462
1985 1463
1986 1464
1987 1507
1988 1508
1989 673
1990 674
1991 719
1992 720
1993 765
1994 766
1995 1413
1996 1414
1997 1459
1998 1460
1999 1505
2000 1506
2001 669
2002 670
2003 671
2004 672
2005 715
2006 716
2007 717
2008 718
2009 761
2010 762
2011 763
2012 764
2013 1409
2014 1410
2015 1455
2016 1456
2017 1457
2018 1458
2019 1501
2020 1502
2021 1503
2022 1504
2023 667
2024 668
2025 711
2026 712
2027 713
2028 714
2029 759
2030 760
2031 757
2032 758
2033 1405
2034 1406
2035 1407
2036 1408
2037 1451
2038 1452
2039 1453
2040 1454
2041 1499
2042 1500
2043 709
2044 710
2045 707
2046 708
2047 753
2048 754
2049 755
2050 756
2051 799
2052 800
2053 801
2054 802
2055 1355
2056 1356
2057 1357
2058 1358
2059 1401
2060 1402
2061 1403
2062 1404
2063 1447
2064 1448
2065 1449
2066 1450
2067 751
2068 752
2069 797
2070 798
2071 795
2072 796
2073 839
2074 840
2075 841
2076 842
2077 843
2078 844
2079 885
2080 886
2081 887
2082 888
2083 889
2084 890
2085 931
2086 932
2087 933
2088 934
2089 977
2090 978
2091 979
2092 980
2093 1023
2094 1024
2095 1025
2096 1026
2097 1069
2098 1070
2099 1071
2100 1072
2101 1115
2102 1116
2103 1117
2104 1118
2105 1161
2106 1162
2107 1163
2108 1164
2109 57
2110 58
2111 59
2112 60
2113 61
2114 62
2115 1303
2116 1304
2117 1305
2118 1306
2119 1307
2120 1308
2121 1351
2122 1352
2123 1353
2124 1354
2125 1399
2126 1400
2127 959
2128 960
2129 1005
2130 1006
2131 1051
2132 1052
2133 1097
2134 1098
2135 1143
2136 1144
2137 1189
2138 1190
2139 863
2140 864
2141 865
2142 866
2143 909
2144 910
2145 911
2146 912
2147 955
2148 956
2149 957
2150 958
2151 1001
2152 1002
2153 1003
2154 1004
2155 1047
2156 1048
2157 1049
2158 1050
2159 1093
2160 1094
2161 1095
2162 1096
2163 1139
2164 1140
2165 1141
2166 1142
2167 81
2168 82
2169 83
2170 84
2171 1185
2172 1186
2173 1187
2174 1188
2175 1329
2176 1330
2177 1327
2178 1328
2179 813
2180 814
2181 815
2182 816
2183 859
2184 860
2185 861
2186 862
2187 905
2188 906
2189 907
2190 908
2191 953
2192 954
2193 77
2194 78
2195 79
2196 80
2197 1183
2198 1184
2199 1323
2200 1324
2201 1325
2202 1326
2203 1369
2204 1370
2205 1371
2206 1372
2207 811
2208 812
2209 857
2210 858
2211 903
2212 904
2213 75
2214 76
2215 1321
2216 1322
2217 1367
2218 1368
2219 807
2220 808
2221 809
2222 810
2223 853
2224 854
2225 855
2226 856
2227 899
2228 900
2229 901
2230 902
2231 71
2232 72
2233 73
2234 74
2235 1317
2236 1318
2237 1319
2238 1320
2239 1363
2240 1364
2241 1365
2242 1366
2243 1411
2244 1412
2245 803
2246 804
2247 805
2248 806
2249 849
2250 850
2251 851
2252 852
2253 895
2254 896
2255 897
2256 898
2257 941
2258 942
2259 67
2260 68
2261 69
2262 70
2263 1171
2264 1172
2265 1313
2266 1314
2267 1315
2268 1316
2269 1359
2270 1360
2271 1361
2272 1362
2273 847
2274 848
2275 845
2276 846
2277 891
2278 892
2279 893
2280 894
2281 937
2282 938
2283 939
2284 940
2285 983
2286 984
2287 985
2288 986
2289 1029
2290 1030
2291 1031
2292 1032
2293 1075
2294 1076
2295 1077
2296 1078
2297 1121
2298 1122
2299 1123
2300 1124
2301 63
2302 64
2303 65
2304 66
2305 1167
2306 1168
2307 1169
2308 1170
2309 1309
2310 1310
2311 1311
2312 1312
2313 935
2314 936
2315 981
2316 982
2317 1027
2318 1028
2319 1073
2320 1074
2321 1119
2322 1120
2323 1165
2324 1166
2325 951
2326 952
2327 997
2328 998
2329 999
2330 1000
2331 1043
2332 1044
2333 1045
2334 1046
2335 1089
2336 1090
2337 1091
2338 1092
2339 1135
2340 1136
2341 1137
2342 1138
2343 1181
2344 1182
2345 949
2346 950
2347 995
2348 996
2349 1041
2350 1042
2351 1087
2352 1088
2353 1133
2354 1134
2355 1179
2356 1180
2357 945
2358 946
2359 947
2360 948
2361 991
2362 992
2363 993
2364 994
2365 1037
2366 1038
2367 1039
2368 1040
2369 1083
2370 1084
2371 1085
2372 1086
2373 1129
2374 1130
2375 1131
2376 1132
2377 1175
2378 1176
2379 1177
2380 1178
2381 943
2382 944
2383 987
2384 988
2385 989
2386 990
2387 1033
2388 1034
2389 1035
2390 1036
2391 1079
2392 1080
2393 1081
2394 1082
2395 1125
2396 1126
2397 1127
2398 1128
2399 1173
2400 1174
